0.2 3229.24 29376.2 81686.3 326122
0.225 1940.83 17142 48383.4 192571
0.25 1198.46 10738 30047.6 119433
0.275 776.391 7001.4 19179.2 77175.5
0.3 524.647 4663.39 12996.6 52106.9
0.325 358.736 3238.25 8958.39 35783.9
0.35 252.431 2278.94 6332.14 24761.7
0.375 180.58 1623.76 4511.8 17820
0.4 130.585 1184.46 3297.1 12887.9
0.425 96.9744 866.673 2381.76 9527.8
0.45 72.4868 638.446 1758.42 7124.12
0.475 54.2263 483.937 1358.16 5366.69
0.5 41.2778 373.751 1022.61 4054.58
0.525 31.8696 289.216 796.498 3175.59
0.55 24.9223 221.75 620.518 2466.36
0.575 19.3208 174.271 491.162 1931.13
0.6 15.567 139.268 386.028 1529.64
0.625 12.3864 109.699 306.568 1234.9
0.65 9.83392 89.4313 248.188 981.901
0.675 7.93576 72.7127 199.944 793.915
0.7 6.47087 58.6933 162.733 644.379
0.725 5.35767 48.2348 133.51 527.296
0.75 4.39781 39.3984 110.873 435.071
0.775 3.61555 32.4485 90.233 359.421
0.8 3.03928 26.7769 73.5518 298.183
0.825 2.51431 22.51 62.5503 247.35
0.85 2.08496 18.8263 52.4235 207.51
0.875 1.77824 15.9439 44.0021 173.094
0.9 1.47963 13.2251 37.2592 148.172
0.925 1.24622 11.2042 31.5767 124.706
0.95 1.05682 9.55139 26.3123 106.267
0.975 0.913821 8.15246 22.5921 90.4962
1 0.772086 6.99833 19.0849 76.5489
1.025 0.663654 5.91781 16.6228 66.1643
1.05 0.569126 5.06002 14.1707 56.3222
1.075 0.493067 4.37359 12.1892 48.2978
1.1 0.423978 3.81598 10.5127 41.6713
1.125 0.362905 3.30403 9.1181 36.473
1.15 0.317123 2.83763 8.042 31.6083
1.175 0.277032 2.50239 6.86974 27.5715
1.2 0.241468 2.18991 5.927 23.8673
1.225 0.2103 1.86869 5.20245 21.0723
1.25 0.183166 1.63441 4.58312 18.1375
1.275 0.160229 1.45069 3.97504 15.9646
1.3 0.139646 1.25962 3.51614 13.8086
1.325 0.125118 1.11956 3.08753 12.3092
1.35 0.109264 0.973817 2.73849 10.8857
1.375 0.0958489 0.861023 2.38227 9.55411
1.4 0.0860405 0.766289 2.12113 8.49446
1.425 0.075537 0.680917 1.873 7.54988
1.45 0.0667854 0.5952 1.64005 6.65073
1.475 0.0590231 0.534466 1.46686 5.85442
1.5 0.0522593 0.472684 1.29736 5.19257
1.525 4.633E-2 4.232E-1 1.170 4.636
1.550 4.186E-2 3.775E-1 1.038 4.139
1.575 3.745E-2 3.349E-1 9.224E-1 3.696
1.600 3.295E-2 2.974E-1 8.294E-1 3.312
1.625 2.955E-2 2.651E-1 7.363E-1 2.944
1.650 2.642E-2 2.387E-1 6.573E-1 2.626
1.675 2.382E-2 2.139E-1 5.926E-1 2.354
1.700 2.146E-2 1.937E-1 5.373E-1 2.115
1.725 1.912E-2 1.727E-1 4.787E-1 1.896
1.750 1.731E-2 1.546E-1 4.274E-1 1.701
1.775 1.547E-2 1.392E-1 3.851E-1 1.558
1.800 1.392E-2 1.257E-1 3.448E-1 1.395
1.825 1.260E-2 1.122E-1 3.155E-1 1.246
1.850 1.136E-2 1.018E-1 2.827E-1 1.124
1.875 1.023E-2 9.102E-2 2.538E-1 1.009
1.900 9.293E-3 8.292E-2 2.308E-1 9.048E-1
1.925 8.343E-3 7.400E-2 2.061E-1 8.249E-1
1.950 7.506E-3 6.712E-2 1.899E-1 7.509E-1
1.975 6.764E-3 6.122E-2 1.676E-1 6.777E-1
2.000 6.210E-3 5.513E-2 1.538E-1 6.141E-1
2.025 5.579E-3 4.975E-2 1.382E-1 5.542E-1
2.050 5.088E-3 4.487E-2 1.263E-1 5.042E-1
2.075 4.611E-3 4.172E-2 1.149E-1 4.506E-1
2.100 4.192E-3 3.745E-2 1.047E-1 4.106E-1
2.125 3.784E-3 3.368E-2 9.444E-2 3.795E-1
2.150 3.399E-3 3.065E-2 8.591E-2 3.436E-1
2.175 3.156E-3 2.797E-2 7.732E-2 3.101E-1
2.200 2.821E-3 2.535E-2 7.109E-2 2.849E-1
2.225 2.576E-3 2.297E-2 6.447E-2 2.579E-1
2.250 2.344E-3 2.102E-2 5.852E-2 2.353E-1
2.275 2.119E-3 1.922E-2 5.338E-2 2.139E-1
2.300 1.926E-3 1.735E-2 4.850E-2 1.920E-1
2.325 1.784E-3 1.603E-2 4.398E-2 1.783E-1
2.350 1.603E-3 1.446E-2 4.046E-2 1.626E-1
2.375 1.457E-3 1.310E-2 3.652E-2 1.474E-1
2.400 1.344E-3 1.211E-2 3.391E-2 1.331E-1
2.425 1.214E-3 1.097E-2 3.052E-2 1.213E-1
2.450 1.110E-3 9.962E-3 2.785E-2 1.123E-1
2.475 1.024E-3 9.173E-3 2.526E-2 1.023E-1
2.500 9.317E-4 8.398E-3 2.318E-2 9.267E-2
2.525 8.387E-4 7.665E-3 2.111E-2 8.418E-2
2.550 7.812E-4 6.847E-3 1.902E-2 7.734E-2
2.575 7.107E-4 6.349E-3 1.776E-2 7.010E-2
2.600 6.424E-4 5.757E-3 1.608E-2 6.504E-2
2.625 5.885E-4 5.250E-3 1.457E-2 5.856E-2
2.650 5.298E-4 4.876E-3 1.320E-2 5.336E-2
2.675 4.859E-4 4.394E-3 1.224E-2 4.864E-2
2.700 4.422E-4 4.007E-3 1.127E-2 4.473E-2
2.725 4.082E-4 3.660E-3 1.007E-2 4.115E-2
2.750 3.716E-4 3.362E-3 9.328E-3 3.772E-2
2.775 3.337E-4 3.047E-3 8.516E-3 3.433E-2
2.800 3.117E-4 2.776E-3 7.816E-3 3.145E-2
2.825 2.822E-4 2.564E-3 7.020E-3 2.833E-2
2.850 2.558E-4 2.320E-3 6.404E-3 2.591E-2
2.875 2.339E-4 2.136E-3 5.835E-3 2.368E-2
2.900 2.131E-4 1.922E-3 5.406E-3 2.184E-2
2.925 1.954E-4 1.748E-3 4.914E-3 1.958E-2
2.950 1.770E-4 1.580E-3 4.477E-3 1.815E-2
2.975 1.627E-4 1.466E-3 4.097E-3 1.631E-2
3.000 1.503E-4 1.334E-3 3.730E-3 1.508E-2
