100.0000       214.2925       866.8890       1940.953	 
150.0000       60.59996       242.1480       544.4422	 
200.0000       23.49344       94.23292       212.0362	 
250.0000       11.06711       44.23836       99.58375	 
300.0000       5.832549       23.40860       52.84715	 
350.0000       3.350772       13.44566       30.38624	 
400.0000       2.006426       8.066564       18.26281	 
450.0000       1.259578       5.063908       11.50137	 
500.0000      0.8209119       3.309928       7.526742	 
550.0000      0.5537977       2.235896       5.094180	 
600.0000      0.3841225       1.551936       3.548661	 
650.0000      0.2721447       1.102380       2.526866	 
700.0000      0.1967188      0.7972047       1.832754	 
750.0000      0.1444288      0.5866867       1.351874	 
800.0000      0.1073475      0.4374778       1.011651	 
850.0000      8.0957472E-02  0.3303476      0.7666241	 
900.0000      6.1653603E-02  0.2519557      0.5867550	 
950.0000      4.7323525E-02  0.1942239      0.4545223	 
1000.000      3.6590178E-02  0.1507522      0.3544213	 
1050.000      2.8583335E-02  0.1180602      0.2788019	 
1100.000      2.2432346E-02  9.3049876E-02  0.2209098	 
1150.000      1.7749112E-02  7.3797658E-02  0.1761524	 
1200.000      1.4115799E-02  5.8916003E-02  0.1411422	 
1250.000      1.1291775E-02  4.7225446E-02  0.1140902	 
1300.000      9.0502575E-03  3.8082018E-02  9.2467979E-02
1350.000      7.3049106E-03  3.0816067E-02  7.5434938E-02
1400.000      5.8872136E-03  2.5071012E-02  6.1717805E-02
1450.000      4.7958619E-03  2.0450434E-02  5.0786890E-02
1500.000      3.8987177E-03  1.6764358E-02  4.1932493E-02
1550.000      3.1905181E-03  1.3790577E-02  3.4802172E-02
1600.000      2.6138627E-03  1.1374462E-02  2.8991202E-02
1650.000      2.1489593E-03  9.4221774E-03  2.4228673E-02
1700.000      1.7701400E-03  7.8248717E-03  2.0320376E-02
1750.000      1.4638646E-03  6.5182806E-03  1.7090673E-02
1800.000      1.2115677E-03  5.4439795E-03  1.4454704E-02
1850.000      1.0039033E-03  4.5583490E-03  1.2230396E-02
1900.000      8.3381141E-04  3.8299521E-03  1.0418381E-02
1950.000      6.9448992E-04  3.2223505E-03  8.8894777E-03
2000.000      5.7936803E-04  2.7211318E-03  7.6011480E-03
2050.000      4.8368171E-04  2.3007179E-03  6.5406058E-03
2100.000      4.0566182E-04  1.9524108E-03  5.6288238E-03
2150.000      3.3980861E-04  1.6613106E-03  4.8537469E-03
2200.000      2.8459801E-04  1.4161634E-03  4.2087720E-03
2250.000      2.3952383E-04  1.2102810E-03  3.6593240E-03
2300.000      2.0147274E-04  1.0363744E-03  3.1927102E-03
2350.000      1.6965256E-04  8.9062209E-04  2.7906271E-03
2400.000      1.4330876E-04  7.6680281E-04  2.4462945E-03
2450.000      1.2058235E-04  6.6185411E-04  2.1556034E-03
2500.000      1.0196013E-04  5.7267339E-04  1.9006397E-03
2550.000      8.6356595E-05  4.9724127E-04  1.6835313E-03
2600.000      7.3217052E-05  4.3263397E-04  1.4961903E-03
2650.000      6.2101477E-05  3.7783457E-04  1.3325789E-03
2700.000      5.2769337E-05  3.3066000E-04  1.1910523E-03
2750.000      4.4834756E-05  2.9063906E-04  1.0672807E-03
2800.000      3.8246813E-05  2.5594758E-04  9.5821480E-04
2850.000      3.2635380E-05  2.2616204E-04  8.6522812E-04
2900.000      2.7969818E-05  2.0065787E-04  7.8353193E-04
2950.000      2.3920831E-05  1.7833478E-04  7.1061641E-04
3000.000      2.0561771E-05  1.5925874E-04  6.4519240E-04
