  100.0000        3429.715	  5312.662	 7550.442	10076.15       12781.90    
  150.0000        964.3942	  1497.329	 2133.173	2858.824       3640.831    
  200.0000        376.3720	  586.4493	 838.4760	1128.739       1441.912    
  250.0000        177.4440	  277.1621	 397.1702	537.0741       688.2085    
  300.0000        94.15607	  147.5130	 212.5867	287.5341       369.5090    
  350.0000        54.37803	  85.35368	 123.2280	167.3426       215.5164    
  400.0000        32.71722	  51.52519	 74.65593	101.6905       131.2721    
  450.0000        20.66616	  32.63946	 47.39913	64.71018       83.48082    
  500.0000        13.57342	  21.49777	 31.34312	42.92589       55.46147    
  550.0000        9.230177	  14.65106	 21.42701	29.46572       38.09337    
  600.0000        6.437798	  10.26253	 15.06708	20.82140       26.88710    
  650.0000        4.591605	  7.361953	 10.85766	15.05458       19.48550    
  700.0000        3.343040	  5.384252	 7.982137	11.11492       14.40195    
  750.0000        2.476072	  4.009527	 5.965423	8.345120       10.84583    
  800.0000        1.861912	  3.027875	 4.530375	6.362373       8.290067    
  850.0000        1.417787	  2.316067	 3.484423	4.916291       6.436103    
  900.0000        1.090914	  1.792696	 2.708836	3.844124       5.050771    
  950.0000       0.8490961	  1.401691	 2.133759	3.041516       4.007230    
  1000.000       0.6654803	  1.105057	 1.693123	2.427510       3.205159    
  1050.000       0.5265316	 0.8800705	 1.355528	1.956405       2.591678    
  1100.000       0.4188439	 0.7057457	 1.096509	1.589973       2.114611    
  1150.000       0.3367691	 0.5704210	0.8907805	1.300948       1.738042    
  1200.000       0.2721630	 0.4640376	0.7298281	1.072666       1.437172    
  1250.000       0.2211888	 0.3797913	0.6015132      0.8897549       1.197014    
  1300.000       0.1802393	 0.3127407	0.4988870      0.7437279       1.003215    
  1350.000       0.1484501	 0.2591537	0.4170318      0.6246582      0.8470432    
  1400.000       0.1226256	 0.2156533	0.3493519      0.5273846      0.7178169    
  1450.000       0.1016420	 0.1805027	0.2951156      0.4477206      0.6110961    
  1500.000       8.4754162E-02  0.1517842	0.2497753      0.3820005      0.5244560    
  1550.000       7.0955232E-02  0.1282517	0.2127163      0.3277944      0.4510742    
  1600.000       5.9679329E-02  0.1088310	0.1819912      0.2822791      0.3891283    
  1650.000       5.0306618E-02  9.2631139E-02  0.1563197      0.2441141      0.3382519    
  1700.000       4.2766053E-02  7.9327129E-02  0.1348169      0.2121318      0.2943314    
  1750.000       3.6368184E-02  6.8132490E-02  0.1167755      0.1850387      0.2574901    
  1800.000       3.1053502E-02  5.8766339E-02  0.1015208      0.1619766      0.2262910    
  1850.000       2.6627116E-02  5.0910871E-02  8.8692509E-02  0.1422671      0.1994978    
  1900.000       2.2891006E-02  4.4221979E-02  7.7783242E-02  0.1254558      0.1764030    
  1950.000       1.9802989E-02  3.8564160E-02  6.8179272E-02  0.1110587      0.1567534    
  2000.000       1.7131347E-02  3.3746351E-02  6.0229909E-02  9.8510198E-02  0.1393628    
  2050.000       1.4904212E-02  2.9641282E-02  5.3235952E-02  8.7755442E-02  0.1243993    
  2100.000       1.3007351E-02  2.6125478E-02  4.7297992E-02  7.8312263E-02  0.1115386    
  2150.000       1.1374182E-02  2.3069764E-02  4.2163622E-02  7.0148632E-02  0.1000298    
  2200.000       9.9666081E-03  2.0464342E-02  3.7618089E-02  6.3032299E-02  9.0170339E-02
  2250.000       8.8005858E-03  1.8190784E-02  3.3695571E-02  5.6765601E-02  8.1372947E-02
  2300.000       7.7566728E-03  1.6232520E-02  3.0251451E-02  5.1244222E-02  7.3672786E-02
  2350.000       6.8974579E-03  1.4520715E-02  2.7226681E-02  4.6400871E-02  6.6780739E-02
  2400.000       6.1212941E-03  1.3027973E-02  2.4618380E-02  4.2078499E-02  6.0846239E-02
  2450.000       5.4640989E-03  1.1732579E-02  2.2253891E-02  3.8305931E-02  5.5360541E-02
  2500.000       4.8810849E-03  1.0566017E-02  2.0191735E-02  3.4925129E-02  5.0548039E-02
  2550.000       4.3749921E-03  9.5673483E-03  1.8401006E-02  3.1907462E-02  4.6221752E-02
  2600.000       3.9423890E-03  8.6741000E-03  1.6772175E-02  2.9197790E-02  4.2471349E-02
  2650.000       3.5597770E-03  7.8808423E-03  1.5317458E-02  2.6779220E-02  3.9017189E-02
  2700.000       3.2107830E-03  7.1850410E-03  1.4021563E-02  2.4622081E-02  3.5922881E-02
  2750.000       2.9086920E-03  6.5595391E-03  1.2913811E-02  2.2666080E-02  3.3074521E-02
  2800.000       2.6510230E-03  6.0086972E-03  1.1814337E-02  2.0915108E-02  3.0555511E-02
  2850.000       2.4161155E-03  5.5085211E-03  1.0891958E-02  1.9324187E-02  2.8265350E-02
  2900.000       2.2078201E-03  5.0635501E-03  1.0063941E-02  1.7891219E-02  2.6188901E-02
  2950.000       2.0234098E-03  4.6654139E-03  9.3035586E-03  1.6582722E-02  2.4288621E-02
  3000.000       1.8571565E-03  4.3062628E-03  8.6218407E-03  1.5396986E-02  2.2584509E-02
