100  5.561e-07 3.161e-07 1.913e-07 1.624e-07 3.392e-07 1.916e-07 2.888e-07
150  1.530e-07 8.592e-08 5.165e-08 4.550e-08 9.190e-08 5.386e-08 7.715e-08
200  5.875e-08 3.260e-08 1.994e-08 1.724e-08 3.449e-08 2.054e-08 2.893e-08
250  2.735e-08 1.471e-08 9.223e-09 8.132e-09 1.589e-08 9.566e-09 1.330e-08
300  1.440e-08 7.629e-09 4.772e-09 4.217e-09 8.282e-09 5.048e-09 6.861e-09
350  8.211e-09 4.361e-09 2.726e-09 2.439e-09 4.683e-09 2.920e-09 3.820e-09
400  4.903e-09 2.603e-09 1.634e-09 1.453e-09 2.792e-09 1.718e-09 2.281e-09
450  3.100e-09 1.627e-09 1.027e-09 9.014e-10 1.785e-09 1.068e-09 1.467e-09
500  2.038e-09 1.080e-09 6.830e-10 5.968e-10 1.163e-09 6.946e-10 9.518e-10
550  1.380e-09 7.224e-10 4.640e-10 3.992e-10 7.931e-10 4.718e-10 6.501e-10
600  9.610e-10 5.143e-10 3.164e-10 2.776e-10 5.494e-10 3.250e-10 4.568e-10
650  6.841e-10 3.626e-10 2.245e-10 1.975e-10 3.925e-10 2.316e-10 3.206e-10
700  4.969e-10 2.596e-10 1.639e-10 1.428e-10 2.842e-10 1.655e-10 2.305e-10
750  3.668e-10 1.885e-10 1.197e-10 1.069e-10 2.101e-10 1.232e-10 1.700e-10
800  2.747e-10 1.410e-10 8.961e-11 7.922e-11 1.559e-10 9.281e-11 1.245e-10
850  2.073e-10 1.047e-10 6.721e-11 5.925e-11 1.166e-10 6.944e-11 9.460e-11
900  1.583e-10 8.047e-11 5.108e-11 4.511e-11 8.827e-11 5.270e-11 7.059e-11
950  1.227e-10 6.110e-11 3.912e-11 3.499e-11 6.772e-11 4.029e-11 5.369e-11
1000 9.477e-11 4.690e-11 3.032e-11 2.690e-11 5.183e-11 3.140e-11 4.151e-11
1050 7.455e-11 3.667e-11 2.369e-11 2.096e-11 4.073e-11 2.446e-11 3.172e-11
1100 5.853e-11 2.803e-11 1.833e-11 1.645e-11 3.140e-11 1.913e-11 2.468e-11
1150 4.629e-11 2.208e-11 1.447e-11 1.304e-11 2.517e-11 1.502e-11 1.927e-11
1200 3.703e-11 1.727e-11 1.144e-11 1.025e-11 1.974e-11 1.207e-11 1.520e-11
1250 2.960e-11 1.363e-11 9.069e-12 8.171e-12 1.556e-11 9.704e-12 1.187e-11
1300 2.383e-11 1.079e-11 7.242e-12 6.528e-12 1.238e-11 7.703e-12 9.317e-12
1350 1.916e-11 8.512e-12 5.715e-12 5.183e-12 9.649e-12 6.169e-12 7.477e-12
1400 1.551e-11 6.785e-12 4.609e-12 4.178e-12 7.806e-12 4.984e-12 5.931e-12
1450 1.262e-11 5.379e-12 3.667e-12 3.429e-12 6.288e-12 4.052e-12 4.665e-12
1500 1.033e-11 4.310e-12 3.003e-12 2.732e-12 5.064e-12 3.229e-12 3.741e-12
1550 8.423e-12 3.432e-12 2.414e-12 2.232e-12 4.050e-12 2.683e-12 2.964e-12
1600 6.930e-12 2.761e-12 1.923e-12 1.803e-12 3.283e-12 2.191e-12 2.382e-12
1650 5.673e-12 2.195e-12 1.579e-12 1.473e-12 2.647e-12 1.784e-12 1.918e-12
1700 4.699e-12 1.793e-12 1.277e-12 1.204e-12 2.148e-12 1.465e-12 1.543e-12
1750 3.876e-12 1.440e-12 1.037e-12 9.833e-13 1.747e-12 1.195e-12 1.219e-12
1800 3.230e-12 1.171e-12 8.519e-13 8.031e-13 1.419e-12 9.862e-13 9.847e-13
1850 2.708e-12 9.401e-13 6.872e-13 6.656e-13 1.160e-12 8.066e-13 7.931e-13
1900 2.255e-12 7.680e-13 5.639e-13 5.385e-13 9.518e-13 6.714e-13 6.459e-13
1950 1.881e-12 6.228e-13 4.586e-13 4.479e-13 7.804e-13 5.507e-13 5.252e-13
2000 1.579e-12 5.090e-13 3.793e-13 3.706e-13 6.410e-13 4.550e-13 4.221e-13
2050 1.331e-12 4.147e-13 3.133e-13 3.036e-13 5.224e-13 3.787e-13 3.456e-13
2100 1.126e-12 3.397e-13 2.570e-13 2.528e-13 4.353e-13 3.100e-13 2.844e-13
2150 9.544e-13 2.802e-13 2.101e-13 2.086e-13 3.601e-13 2.561e-13 2.323e-13
2200 8.130e-13 2.299e-13 1.733e-13 1.716e-13 3.021e-13 2.151e-13 1.928e-13
2250 6.935e-13 1.911e-13 1.440e-13 1.422e-13 2.493e-13 1.775e-13 1.571e-13
2300 5.934e-13 1.601e-13 1.211e-13 1.192e-13 2.082e-13 1.504e-13 1.305e-13
2350 5.090e-13 1.343e-13 9.855e-14 9.864e-14 1.749e-13 1.252e-13 1.079e-13
2400 4.389e-13 1.122e-13 8.368e-14 8.147e-14 1.475e-13 1.037e-13 9.094e-14
2450 3.799e-13 9.470e-14 6.922e-14 6.852e-14 1.229e-13 8.645e-14 7.715e-14
2500 3.296e-13 8.032e-14 5.754e-14 5.668e-14 1.044e-13 7.255e-14 6.530e-14
2550 2.880e-13 6.901e-14 4.840e-14 4.817e-14 8.867e-14 6.113e-14 5.491e-14
2600 2.524e-13 5.890e-14 4.081e-14 4.020e-14 7.619e-14 5.160e-14 4.667e-14
2650 2.210e-13 5.007e-14 3.382e-14 3.362e-14 6.520e-14 4.343e-14 4.026e-14
2700 1.953e-13 4.358e-14 2.873e-14 2.839e-14 5.638e-14 3.639e-14 3.530e-14
2750 1.729e-13 3.834e-14 2.464e-14 2.395e-14 4.882e-14 3.083e-14 3.066e-14
2800 1.539e-13 3.351e-14 2.071e-14 2.014e-14 4.305e-14 2.645e-14 2.682e-14
2850 1.376e-13 2.978e-14 1.777e-14 1.705e-14 3.718e-14 2.233e-14 2.367e-14
2900 1.238e-13 2.642e-14 1.537e-14 1.446e-14 3.267e-14 1.909e-14 2.094e-14
2950 1.109e-13 2.363e-14 1.309e-14 1.238e-14 2.892e-14 1.623e-14 1.907e-14
3000 1.000e-13 2.102e-14 1.151e-14 1.064e-14 2.591e-14 1.399e-14 1.690e-14
